[13787650.06110272  9431385.23470635  8417798.86420818  7296384.15642298
  6520020.1279563   5952124.21824455  5614262.09474517  4600675.724247
  4916972.18028898  4672561.28243836  4047156.92617353  4075911.14945007
  3608655.02120625  3414564.01408957  3349867.01171735  3357055.56753648
  3105456.11386672  3012004.88821796  2817913.88110128  2681331.32053771
  2429731.86686794  2702896.98799511  2429731.86686795  2494428.86924016
  2321903.52958092  2350657.75285745  2034361.29681547  2170943.85737905
  2206886.63647473  1926532.95952844  1754007.61986917  1789950.39896485
  1739630.50823089  1531162.38947595  1703687.72913522  1610236.50348645
  1394579.82891237  1401768.38473151  1660556.3942204   1308317.15908275
  1207677.37761484  1286751.49162533  1408956.94055064  1128603.26360434
  1301128.6032636   1063906.26123212  1085471.92868953   948889.36812594
   999209.2588599   1085471.92868953  1121414.7077852   1049529.14959385
   905758.03321113   805118.25174322  1020774.9263173    819495.3633815
   869815.25411545   790741.14010495   891380.92157286   855438.14247718
   790741.14010495   783552.58428582   797929.69592409   711667.02609446
   711667.02609446   726044.13773273   783552.58428582   589461.57716915
   761986.91682841   618215.8004457    632592.91208396   646970.02372223
   589461.57716915   546330.24225433   474444.68406297   560707.3538926
   603838.68880742   582273.02135001   603838.68880742   582273.02135002
   409747.68169075   596650.13298828   431313.34914816   488821.79570124
   438501.90496729   330673.56768025   460067.5724247    294730.78858457
   337862.12349939   395370.57005248   424124.79332902   309107.90022284
   452879.01660556   316296.45604198   366616.34677593   388182.01423334
   380993.45841421   294730.78858458   316296.45604198   345050.67931853
   280353.6769463    323485.01186112   287542.23276543   352239.23513766
   301919.34440371   366616.34677594   273165.12112717   323485.01186111
   301919.34440371   337862.12349939   280353.6769463    280353.6769463
   237222.34203149   244410.89785062   215656.67457408   323485.01186111
   222845.23039322   237222.34203149   186902.45129753   222845.23039322
   251599.45366975   222845.23039322   208468.11875494   280353.6769463
   222845.23039321   165336.78384013   258788.00948889   208468.11875494
   186902.45129754   244410.89785062   129394.00474445   230033.78621235
   186902.45129754   158148.22802099   165336.78384013   158148.22802099
   150959.67220186   186902.45129753   201279.56293581   158148.22802099
   136582.56056358   165336.78384013    93451.22564877   150959.67220186
   165336.78384012   165336.78384013   186902.45129753   143771.11638272
   172525.33965926   172525.33965926    79074.1140105    179713.8954784
   107828.33728704   165336.78384012    86262.66982963   107828.33728704
    57508.44655309    79074.11401049   107828.33728704   150959.67220186
    57508.44655309    79074.1140105     86262.66982963    86262.66982963
    86262.66982963   122205.44892531    71885.55819136    79074.1140105
   100639.7814679     71885.55819136    79074.1140105     79074.11401049
    28754.22327654    64697.00237222    64697.00237222    64697.00237222
    79074.1140105     71885.55819136    43131.33491482    64697.00237222
    79074.1140105     86262.66982963    64697.00237222    57508.44655309
    79074.11401049    50319.89073395    64697.00237222    64697.00237222
    43131.33491482    28754.22327654    43131.33491482    57508.44655309
    28754.22327654    35942.77909568    57508.44655309    50319.89073395
    64697.00237222    43131.33491482    79074.1140105     28754.22327654]