[0.00e+00 5.00e-09 1.00e-08 1.50e-08 2.00e-08 2.50e-08 3.00e-08 3.50e-08
 4.00e-08 4.50e-08 5.00e-08 5.50e-08 6.00e-08 6.50e-08 7.00e-08 7.50e-08
 8.00e-08 8.50e-08 9.00e-08 9.50e-08 1.00e-07 1.05e-07 1.10e-07 1.15e-07
 1.20e-07 1.25e-07 1.30e-07 1.35e-07 1.40e-07 1.45e-07 1.50e-07 1.55e-07
 1.60e-07 1.65e-07 1.70e-07 1.75e-07 1.80e-07 1.85e-07 1.90e-07 1.95e-07
 2.00e-07 2.05e-07 2.10e-07 2.15e-07 2.20e-07 2.25e-07 2.30e-07 2.35e-07
 2.40e-07 2.45e-07 2.50e-07 2.55e-07 2.60e-07 2.65e-07 2.70e-07 2.75e-07
 2.80e-07 2.85e-07 2.90e-07 2.95e-07 3.00e-07 3.05e-07 3.10e-07 3.15e-07
 3.20e-07 3.25e-07 3.30e-07 3.35e-07 3.40e-07 3.45e-07 3.50e-07 3.55e-07
 3.60e-07 3.65e-07 3.70e-07 3.75e-07 3.80e-07 3.85e-07 3.90e-07 3.95e-07
 4.00e-07 4.05e-07 4.10e-07 4.15e-07 4.20e-07 4.25e-07 4.30e-07 4.35e-07
 4.40e-07 4.45e-07 4.50e-07 4.55e-07 4.60e-07 4.65e-07 4.70e-07 4.75e-07
 4.80e-07 4.85e-07 4.90e-07 4.95e-07 5.00e-07 5.05e-07 5.10e-07 5.15e-07
 5.20e-07 5.25e-07 5.30e-07 5.35e-07 5.40e-07 5.45e-07 5.50e-07 5.55e-07
 5.60e-07 5.65e-07 5.70e-07 5.75e-07 5.80e-07 5.85e-07 5.90e-07 5.95e-07
 6.00e-07 6.05e-07 6.10e-07 6.15e-07 6.20e-07 6.25e-07 6.30e-07 6.35e-07
 6.40e-07 6.45e-07 6.50e-07 6.55e-07 6.60e-07 6.65e-07 6.70e-07 6.75e-07
 6.80e-07 6.85e-07 6.90e-07 6.95e-07 7.00e-07 7.05e-07 7.10e-07 7.15e-07
 7.20e-07 7.25e-07 7.30e-07 7.35e-07 7.40e-07 7.45e-07 7.50e-07 7.55e-07
 7.60e-07 7.65e-07 7.70e-07 7.75e-07 7.80e-07 7.85e-07 7.90e-07 7.95e-07
 8.00e-07 8.05e-07 8.10e-07 8.15e-07 8.20e-07 8.25e-07 8.30e-07 8.35e-07
 8.40e-07 8.45e-07 8.50e-07 8.55e-07 8.60e-07 8.65e-07 8.70e-07 8.75e-07
 8.80e-07 8.85e-07 8.90e-07 8.95e-07 9.00e-07 9.05e-07 9.10e-07 9.15e-07
 9.20e-07 9.25e-07 9.30e-07 9.35e-07 9.40e-07 9.45e-07 9.50e-07 9.55e-07
 9.60e-07 9.65e-07 9.70e-07 9.75e-07 9.80e-07 9.85e-07 9.90e-07 9.95e-07]